xvuxc (39164,0) -> nieyygi, (11191,585), ceizm
rtdpm (24384,0) -> xhvyt, mrqug, kbkcw, gmlxpn
dtacyn (42,0) -> xvuxc, eyyrn, udtsgjk, zprkrrn, rhhdc, rtdpm
imgrm (12512,0) -> (765,540), (37,1268), (40,1265), (672,633)
nieyygi (7308,0) -> (526,596), (52,1065), (556,561), (493,624)
eyyrn (44234,0) -> rchso, dqwet, qoqdhpx
ghjcbf (3487,0) -> (13,1155), (304,864), (136,1032)
adklqb (13290,0) -> (1621,152), (51,1722), (1176,597)
zprkrrn (46528,0) -> ghjcbf, jsrdr, ywyvxv, ujsqcr
dqwet (6621,0) -> (861,294), (39,1116), (330,825)
rchso (42,0) -> (699,1812), (1920,591), (57,2454), (1383,1128)
ctmyow (14952,0) -> (820,399), (25,1194), (187,1032)
mhnjio (29,0) -> (2133,396), (1913,616), (1833,696), (1494,1035), (855,1674), (93,2436), (2271,258)
ywyvxv (3190,0) -> (739,528), (275,992), (88,1179)
rhhdc (3564,0) -> mhnjio, mzrntf, imgrm, sgamgp
wwdhply (52,0) -> (2467,184), (1736,915), (1571,1080), (77,2574), (2012,639), (2126,525), (2135,516)
sgamgp (14279,0) -> (626,525), (1135,16), (61,1090)
kbkcw (6055,0) -> (1351,267), (859,759), (697,921), (58,1560)
xhvyt (57,0) -> (1814,680), (2104,390), (65,2429), (1933,561), (604,1890)
ceizm (58,0) -> (933,1020), (56,1897), (1371,582), (1242,711), (1113,840), (303,1650)
jsrdr (2962,0) -> (776,567), (455,888), (90,1253)
udtsgjk (56,0) -> adklqb, (17413,1196), wwdhply, ctmyow
mrqug (6751,0) -> (164,1280), (51,1393), (943,501), (649,795)
gmlxpn (6182,0) -> (891,1224), (60,2055), (1245,870)
ujsqcr (94,0) -> (1480,819), (49,2250), (1702,597)
mzrntf (11964,0) -> (197,1245), (1394,48), (434,1008), (98,1344)
qoqdhpx (846,0) -> (72,1468), (100,1440), (420,1120), (775,765), (460,1080), (595,945)
